0 0.490354 0.743879 0.488746 0.745763 0.471061 0.745763 0.469453 0.747646 0.463023 0.747646 0.461415 0.749529 0.454984 0.749529 0.453376 0.751412 0.446945 0.751412 0.445338 0.753296 0.438907 0.753296 0.435691 0.757062 0.434084 0.757062 0.42926 0.762712 0.427653 0.762712 0.424437 0.766478 0.42283 0.766478 0.418006 0.772128 0.416399 0.772128 0.416399 0.779661 0.418006 0.781544 0.418006 0.785311 0.419614 0.787194 0.419614 0.79096 0.421222 0.792844 0.421222 0.79661 0.42283 0.798493 0.42283 0.80226 0.424437 0.804143 0.424437 0.80791 0.426045 0.809793 0.426045 0.813559 0.427653 0.815443 0.42926 0.815443 0.432476 0.819209 0.434084 0.819209 0.437299 0.822976 0.438907 0.822976 0.442122 0.826742 0.44373 0.826742 0.446945 0.830508 0.448553 0.830508 0.450161 0.832392 0.456592 0.832392 0.458199 0.830508 0.463023 0.830508 0.46463 0.828625 0.467846 0.828625 0.469453 0.826742 0.474277 0.826742 0.475884 0.824859 0.4791 0.824859 0.480707 0.822976 0.485531 0.822976 0.487138 0.821092 0.490354 0.821092 0.491961 0.819209 0.496785 0.819209 0.5 0.815443 0.501608 0.815443 0.506431 0.809793 0.508039 0.809793 0.511254 0.806026 0.512862 0.806026 0.517685 0.800377 0.519293 0.800377 0.522508 0.79661 0.522508 0.794727 0.527331 0.789077 0.527331 0.787194 0.532154 0.781544 0.532154 0.779661 0.536977 0.774011 0.536977 0.772128 0.538585 0.770245 0.538585 0.766478 0.536977 0.764595 0.53537 0.764595 0.533762 0.762712 0.532154 0.762712 0.528939 0.758945 0.527331 0.758945 0.525723 0.757062 0.524116 0.757062 0.5209 0.753296 0.519293 0.753296 0.517685 0.751412 0.516077 0.751412 0.512862 0.747646 0.511254 0.747646 0.508039 0.743879
0 0.649518 0.54049 0.649518 0.542373 0.64791 0.544256 0.64791 0.546139 0.646302 0.548023 0.646302 0.549906 0.644695 0.551789 0.644695 0.553672 0.643087 0.555556 0.643087 0.557439 0.641479 0.559322 0.641479 0.561205 0.639871 0.563089 0.639871 0.564972 0.638264 0.566855 0.638264 0.568738 0.636656 0.570621 0.636656 0.572505 0.635048 0.574388 0.635048 0.576271 0.633441 0.578154 0.633441 0.583804 0.635048 0.585687 0.635048 0.587571 0.638264 0.591337 0.638264 0.59322 0.639871 0.595104 0.639871 0.596987 0.643087 0.600753 0.643087 0.602637 0.646302 0.606403 0.646302 0.608286 0.649518 0.608286 0.651125 0.610169 0.652733 0.610169 0.654341 0.612053 0.657556 0.612053 0.659164 0.613936 0.660772 0.613936 0.662379 0.615819 0.665595 0.615819 0.667203 0.617702 0.672026 0.617702 0.672026 0.615819 0.673633 0.613936 0.673633 0.612053 0.676849 0.608286 0.676849 0.606403 0.678457 0.60452 0.678457 0.602637 0.680064 0.600753 0.680064 0.59887 0.68328 0.595104 0.68328 0.559322 0.681672 0.557439 0.680064 0.557439 0.678457 0.555556 0.676849 0.555556 0.675241 0.553672 0.673633 0.553672 0.672026 0.551789 0.670418 0.551789 0.66881 0.549906 0.667203 0.549906 0.665595 0.548023 0.663987 0.548023 0.662379 0.546139 0.660772 0.546139 0.657556 0.542373 0.655949 0.542373 0.654341 0.54049
0 0.389068 0.502825 0.389068 0.504708 0.38746 0.506591 0.38746 0.512241 0.385852 0.514124 0.385852 0.517891 0.384244 0.519774 0.384244 0.52354 0.382637 0.525424 0.382637 0.52919 0.381029 0.531073 0.381029 0.53484 0.379421 0.536723 0.379421 0.549906 0.381029 0.551789 0.381029 0.557439 0.382637 0.559322 0.382637 0.566855 0.390675 0.566855 0.392283 0.564972 0.397106 0.564972 0.398714 0.563089 0.405145 0.563089 0.406752 0.561205 0.411576 0.561205 0.413183 0.559322 0.419614 0.559322 0.421222 0.557439 0.421222 0.553672 0.42283 0.551789 0.42283 0.549906 0.424437 0.548023 0.424437 0.546139 0.426045 0.544256 0.426045 0.542373 0.427653 0.54049 0.427653 0.536723 0.42926 0.53484 0.42926 0.532957 0.430868 0.531073 0.430868 0.525424 0.426045 0.519774 0.424437 0.519774 0.414791 0.508475 0.40836 0.508475 0.406752 0.506591 0.401929 0.506591 0.400322 0.504708 0.397106 0.504708 0.395498 0.502825
0 0.784566 0.446328 0.782958 0.448211 0.779743 0.448211 0.778135 0.450094 0.77492 0.450094 0.773312 0.451977 0.771704 0.451977 0.770096 0.453861 0.766881 0.453861 0.765273 0.455744 0.762058 0.455744 0.76045 0.457627 0.758842 0.457627 0.757235 0.45951 0.754019 0.45951 0.752412 0.461394 0.749196 0.461394 0.747588 0.463277 0.744373 0.463277 0.744373 0.468927 0.742765 0.47081 0.742765 0.47646 0.741158 0.478343 0.741158 0.483992 0.73955 0.485876 0.73955 0.491525 0.737942 0.493409 0.737942 0.499058 0.736334 0.500942 0.736334 0.514124 0.737942 0.516008 0.737942 0.521657 0.73955 0.52354 0.73955 0.52919 0.741158 0.531073 0.741158 0.536723 0.742765 0.538606 0.742765 0.544256 0.744373 0.546139 0.744373 0.551789 0.745981 0.553672 0.745981 0.559322 0.747588 0.561205 0.750804 0.561205 0.752412 0.563089 0.757235 0.563089 0.758842 0.564972 0.762058 0.564972 0.763666 0.566855 0.766881 0.566855 0.768489 0.568738 0.771704 0.568738 0.773312 0.570621 0.776527 0.570621 0.778135 0.572505 0.78135 0.572505 0.782958 0.574388 0.789389 0.574388 0.794212 0.568738 0.794212 0.566855 0.803859 0.555556 0.803859 0.551789 0.805466 0.549906 0.805466 0.548023 0.807074 0.546139 0.807074 0.544256 0.808682 0.542373 0.808682 0.54049 0.810289 0.538606 0.810289 0.53484 0.811897 0.532957 0.811897 0.531073 0.813505 0.52919 0.813505 0.527307 0.815113 0.525424 0.815113 0.517891 0.81672 0.516008 0.81672 0.510358 0.818328 0.508475 0.818328 0.500942 0.819936 0.499058 0.819936 0.493409 0.821543 0.491525 0.821543 0.482109 0.802251 0.45951 0.802251 0.457627 0.792605 0.446328
0 0.250804 0.288136 0.242765 0.297552 0.242765 0.306968 0.241158 0.308851 0.241158 0.3258 0.242765 0.327684 0.242765 0.333333 0.244373 0.335217 0.262058 0.335217 0.263666 0.333333 0.268489 0.333333 0.268489 0.33145 0.271704 0.327684 0.273312 0.327684 0.27492 0.3258 0.279743 0.3258 0.279743 0.323917 0.28135 0.322034 0.28135 0.320151 0.284566 0.316384 0.284566 0.314501 0.286174 0.312618 0.286174 0.299435 0.284566 0.297552 0.284566 0.295669 0.282958 0.293785 0.282958 0.291902 0.28135 0.290019 0.276527 0.290019 0.27492 0.288136
0 0.635048 0.26742 0.633441 0.269303 0.631833 0.269303 0.630225 0.271186 0.628617 0.271186 0.625402 0.274953 0.623794 0.274953 0.620579 0.278719 0.618971 0.278719 0.617363 0.280603 0.615756 0.280603 0.61254 0.284369 0.610932 0.284369 0.609325 0.286252 0.607717 0.286252 0.604502 0.290019 0.602894 0.290019 0.602894 0.295669 0.604502 0.297552 0.604502 0.299435 0.606109 0.301318 0.606109 0.303202 0.607717 0.305085 0.607717 0.306968 0.609325 0.308851 0.609325 0.310734 0.610932 0.312618 0.610932 0.314501 0.61254 0.316384 0.61254 0.318267 0.614148 0.320151 0.614148 0.322034 0.615756 0.323917 0.615756 0.3258 0.617363 0.327684 0.617363 0.329567 0.618971 0.33145 0.618971 0.333333 0.620579 0.335217 0.620579 0.3371 0.622186 0.338983 0.622186 0.340866 0.623794 0.34275 0.623794 0.344633 0.625402 0.346516 0.625402 0.348399 0.672026 0.348399 0.672026 0.346516 0.673633 0.344633 0.673633 0.340866 0.675241 0.338983 0.675241 0.3371 0.676849 0.335217 0.676849 0.333333 0.678457 0.33145 0.678457 0.329567 0.680064 0.327684 0.680064 0.3258 0.681672 0.323917 0.681672 0.320151 0.68328 0.318267 0.68328 0.316384 0.684887 0.314501 0.684887 0.312618 0.686495 0.310734 0.686495 0.306968 0.681672 0.301318 0.681672 0.299435 0.676849 0.293785 0.676849 0.291902 0.672026 0.286252 0.672026 0.284369 0.66881 0.280603 0.66881 0.276836 0.663987 0.276836 0.662379 0.274953 0.659164 0.274953 0.657556 0.27307 0.654341 0.27307 0.652733 0.271186 0.64791 0.271186 0.646302 0.269303 0.643087 0.269303 0.641479 0.26742
0 0.403537 0.233522 0.401929 0.235405 0.400322 0.235405 0.398714 0.237288 0.397106 0.237288 0.393891 0.241055 0.392283 0.241055 0.390675 0.242938 0.389068 0.242938 0.385852 0.246704 0.384244 0.246704 0.384244 0.280603 0.385852 0.282486 0.385852 0.284369 0.38746 0.284369 0.389068 0.286252 0.392283 0.286252 0.393891 0.288136 0.395498 0.288136 0.397106 0.290019 0.398714 0.290019 0.400322 0.291902 0.40836 0.291902 0.409968 0.290019 0.413183 0.290019 0.414791 0.288136 0.419614 0.288136 0.421222 0.286252 0.424437 0.286252 0.426045 0.284369 0.430868 0.284369 0.430868 0.246704 0.42926 0.244821 0.427653 0.244821 0.426045 0.242938 0.42283 0.242938 0.421222 0.241055 0.419614 0.241055 0.418006 0.239171 0.416399 0.239171 0.414791 0.237288 0.413183 0.237288 0.411576 0.235405 0.409968 0.235405 0.40836 0.233522
0 0.884244 0.201507 0.884244 0.252354 0.885852 0.252354 0.889068 0.256121 0.890675 0.256121 0.893891 0.259887 0.895498 0.259887 0.897106 0.26177 0.898714 0.26177 0.901929 0.265537 0.903537 0.265537 0.906752 0.269303 0.90836 0.269303 0.911576 0.27307 0.913183 0.27307 0.914791 0.274953 0.916399 0.274953 0.918006 0.276836 0.921222 0.276836 0.921222 0.269303 0.92283 0.26742 0.92283 0.26177 0.924437 0.259887 0.924437 0.252354 0.926045 0.250471 0.926045 0.244821 0.927653 0.242938 0.927653 0.235405 0.92926 0.233522 0.92926 0.224105 0.919614 0.212806 0.919614 0.210923 0.913183 0.20339 0.898714 0.20339 0.897106 0.201507
0 0.221865 0.135593 0.220257 0.137476 0.213826 0.137476 0.212219 0.13936 0.205788 0.13936 0.20418 0.141243 0.197749 0.141243 0.192926 0.146893 0.191318 0.146893 0.186495 0.152542 0.184887 0.152542 0.180064 0.158192 0.178457 0.158192 0.173633 0.163842 0.172026 0.163842 0.170418 0.165725 0.170418 0.173258 0.16881 0.175141 0.16881 0.180791 0.167203 0.182674 0.167203 0.190207 0.165595 0.19209 0.165595 0.19774 0.163987 0.199623 0.163987 0.207156 0.162379 0.20904 0.162379 0.218456 0.165595 0.218456 0.167203 0.220339 0.170418 0.220339 0.172026 0.222222 0.173633 0.222222 0.175241 0.224105 0.178457 0.224105 0.180064 0.225989 0.18328 0.225989 0.184887 0.227872 0.186495 0.227872 0.188103 0.229755 0.191318 0.229755 0.192926 0.231638 0.196141 0.231638 0.197749 0.233522 0.20418 0.233522 0.205788 0.231638 0.207395 0.231638 0.209003 0.229755 0.210611 0.229755 0.212219 0.227872 0.213826 0.227872 0.215434 0.225989 0.217042 0.225989 0.21865 0.224105 0.220257 0.224105 0.221865 0.222222 0.223473 0.222222 0.228296 0.216573 0.229904 0.216573 0.237942 0.207156 0.23955 0.207156 0.245981 0.199623 0.247588 0.199623 0.255627 0.190207 0.257235 0.190207 0.26045 0.186441 0.26045 0.165725 0.262058 0.163842 0.262058 0.143126 0.254019 0.143126 0.252412 0.141243 0.245981 0.141243 0.244373 0.13936 0.237942 0.13936 0.236334 0.137476 0.231511 0.137476 0.229904 0.135593
0 0.699357 0.092279 0.697749 0.094162 0.692926 0.094162 0.691318 0.096045 0.688103 0.096045 0.686495 0.097928 0.681672 0.097928 0.680064 0.099812 0.676849 0.099812 0.675241 0.101695 0.670418 0.101695 0.66881 0.103578 0.665595 0.103578 0.665595 0.116761 0.667203 0.118644 0.667203 0.129944 0.66881 0.131827 0.66881 0.143126 0.673633 0.148776 0.675241 0.148776 0.688103 0.163842 0.689711 0.163842 0.697749 0.173258 0.700965 0.173258 0.702572 0.175141 0.70418 0.175141 0.705788 0.177024 0.709003 0.177024 0.710611 0.178908 0.713826 0.178908 0.715434 0.180791 0.717042 0.180791 0.71865 0.182674 0.721865 0.182674 0.723473 0.184557 0.728296 0.184557 0.728296 0.182674 0.729904 0.180791 0.729904 0.178908 0.733119 0.175141 0.733119 0.173258 0.734727 0.171375 0.734727 0.169492 0.736334 0.167608 0.736334 0.165725 0.73955 0.161959 0.73955 0.160075 0.741158 0.158192 0.741158 0.156309 0.742765 0.154426 0.742765 0.152542 0.744373 0.150659 0.744373 0.145009 0.742765 0.143126 0.742765 0.141243 0.73955 0.137476 0.73955 0.135593 0.737942 0.13371 0.737942 0.131827 0.736334 0.129944 0.736334 0.12806 0.734727 0.126177 0.734727 0.124294 0.733119 0.122411 0.733119 0.120527 0.731511 0.118644 0.731511 0.116761 0.729904 0.114878 0.729904 0.112994 0.728296 0.111111 0.728296 0.109228 0.72508 0.105461 0.723473 0.105461 0.71865 0.099812 0.717042 0.099812 0.712219 0.094162 0.710611 0.094162 0.709003 0.092279
